MARKOV
71
2 3 3 3 2 2 4 4 4 3 3 3 3 4 4 2 2 2 2 3 4 4 3 3 3 3 4 4 2 2 2 3 2 2 3 4 3 3 3 3 4 4 2 2 2 3 2 2 3 3 3 3 3 4 4 2 2 2 3 2 2 2 2 2 2 2 2 2 2 2 2
618
1 33
1 32
1 58
1 0
1 0
1 27
1 27
1 26
1 26
1 25
1 24
1 64
1 63
1 62
1 61
1 60
1 59
1 23
1 22
1 54
1 54
1 53
1 53
1 21
1 21
1 52
1 14
1 14
1 20
1 20
1 51
1 13
1 13
1 50
1 12
1 49
1 11
1 19
1 10
1 18
1 9
1 17
1 8
1 8
1 48
1 47
1 45
1 46
1 7
1 7
1 3
1 3
1 2
1 2
1 6
1 6
1 41
1 41
1 40
1 40
1 39
1 5
1 38
1 4
1 37
1 36
1 1
1 1
1 31
1 35
1 35
1 34
2 5 4
2 6 4
2 7 4
2 8 4
2 7 6
2 8 6
2 8 7
2 11 9
2 14 9
2 12 10
2 13 10
2 14 11
2 13 12
2 19 18
2 20 18
2 21 18
2 31 18
2 20 19
2 21 19
2 31 19
2 21 20
2 31 20
2 31 21
2 24 22
2 27 22
2 25 23
2 26 23
2 27 24
2 26 25
2 34 32
2 35 32
2 45 32
2 35 34
2 45 34
2 45 35
2 38 36
2 41 36
2 39 37
2 40 37
2 41 38
2 40 39
2 48 47
2 58 47
2 58 48
2 51 49
2 54 49
2 52 50
2 53 50
2 54 51
2 53 52
2 70 59
2 63 61
2 66 61
2 64 62
2 65 62
2 66 63
2 65 64
1 3
1 2
1 3
1 3
1 2
1 2
1 1
1 1
1 1
2 1 0
2 3 0
2 2 0
2 1 0
2 1 0
2 3 0
2 2 0
1 0
2 13 12
2 14 11
2 13 10
2 12 10
2 14 9
2 11 9
1 8
2 8 7
2 8 7
2 14 9
2 11 9
1 9
1 14
2 11 14
2 9 14
2 9 14
2 13 10
2 12 10
1 10
1 13
2 12 13
2 10 13
2 10 13
2 14 11
1 11
2 9 11
2 9 11
2 14 11
1 14
2 11 14
2 9 14
2 9 14
1 14
2 11 14
2 13 12
1 12
2 10 12
2 10 12
2 13 12
1 13
2 12 13
2 10 13
2 10 13
1 13
2 12 13
2 8 7
2 8 7
1 7
2 8 6
2 8 6
2 7 6
2 7 6
1 8
1 8
2 7 8
2 7 8
2 6 8
2 8 6
2 8 6
2 7 6
2 7 6
1 6
2 8 6
2 8 7
2 8 7
1 7
1 7
2 6 7
2 8 7
2 6 7
2 8 6
2 8 6
2 7 6
2 7 6
1 6
2 8 6
1 6
2 7 6
2 8 4
2 8 4
2 7 4
2 7 4
2 6 4
2 8 4
2 6 4
2 7 4
2 5 4
2 6 4
2 26 25
2 27 24
2 26 23
2 25 23
2 27 22
2 24 22
2 31 21
2 31 21
1 21
1 31
2 21 31
2 21 31
2 31 20
2 21 20
2 21 20
2 31 20
2 27 22
2 24 22
1 22
1 27
2 24 27
2 22 27
2 22 27
2 26 23
2 25 23
1 23
1 26
2 25 26
2 23 26
2 23 26
2 27 24
1 24
2 22 24
2 22 24
2 27 24
1 27
2 24 27
2 22 27
2 22 27
1 27
2 24 27
2 26 25
1 25
2 23 25
2 23 25
2 26 25
1 26
2 25 26
2 23 26
2 23 26
1 26
2 25 26
2 31 20
2 21 20
2 21 20
2 31 20
1 20
2 31 19
2 21 19
2 21 19
2 31 19
2 20 19
2 20 19
2 31 21
1 21
1 21
2 31 21
2 20 21
2 20 21
2 19 21
2 31 19
2 21 19
2 21 19
2 31 19
2 20 19
2 20 19
1 19
2 21 19
2 31 20
2 21 20
2 21 20
2 31 20
1 20
1 20
2 19 20
2 21 20
2 19 20
2 31 18
2 21 18
2 21 18
2 31 18
2 20 18
2 20 18
2 19 18
2 21 18
2 19 18
2 20 18
2 32 35
2 34 35
2 34 35
2 45 35
1 35
1 35
2 45 35
2 34 32
2 34 32
2 45 32
2 35 32
2 35 32
2 45 32
1 34
2 45 34
2 35 34
2 35 34
2 45 34
2 39 40
1 40
2 37 40
2 37 40
2 39 40
1 40
2 40 39
2 37 39
2 37 39
1 39
2 40 39
2 38 41
1 41
2 36 41
2 36 41
2 38 41
1 41
2 41 38
2 36 38
2 36 38
1 38
2 41 38
2 37 40
2 37 40
2 39 40
1 40
1 37
2 39 37
2 40 37
2 36 41
2 36 41
2 38 41
1 41
1 36
2 38 36
2 41 36
2 45 34
2 35 34
2 35 34
2 45 34
2 35 45
2 35 45
1 45
1 35
2 45 35
2 45 35
2 38 36
2 41 36
2 39 37
2 40 37
2 41 38
2 40 39
2 53 52
2 54 51
2 53 50
2 52 50
2 54 49
2 51 49
2 58 48
2 58 48
1 48
1 58
2 48 58
2 48 58
2 58 47
2 48 47
2 48 47
2 58 47
2 54 49
2 51 49
1 49
1 54
2 51 54
2 49 54
2 49 54
2 53 50
2 52 50
1 50
1 53
2 52 53
2 50 53
2 50 53
2 54 51
1 51
2 49 51
2 49 51
2 54 51
1 54
2 51 54
2 49 54
2 49 54
1 54
2 51 54
2 53 52
1 52
2 50 52
2 50 52
2 53 52
1 53
2 52 53
2 50 53
2 50 53
1 53
2 52 53
2 70 59
2 63 61
2 66 61
2 64 62
2 65 62
2 66 63
2 65 64
2 0 5
2 0 16
2 0 4
2 0 16
2 1 7
2 1 8
2 1 6
2 2 13
2 2 12
2 2 15
2 2 10
2 2 16
2 3 14
2 3 11
2 3 15
2 3 9
2 3 16
2 4 18
2 4 29
2 4 30
2 5 17
2 5 29
2 5 30
2 6 19
2 6 20
2 6 18
2 7 20
2 7 21
2 7 19
2 8 21
2 8 31
2 8 20
2 9 22
2 9 27
2 9 30
2 10 23
2 10 26
2 10 30
2 11 24
2 11 27
2 11 28
2 12 25
2 12 26
2 12 28
2 13 26
2 13 25
2 13 28
2 13 23
2 13 30
2 14 27
2 14 24
2 14 28
2 14 22
2 14 30
2 15 28
2 16 30
2 17 33
2 18 32
2 19 32
2 19 34
2 20 34
2 20 35
2 20 32
2 21 35
2 21 45
2 21 34
2 22 36
2 22 41
2 22 44
2 23 37
2 23 40
2 23 44
2 24 38
2 24 41
2 24 42
2 25 39
2 25 40
2 25 42
2 26 40
2 26 39
2 26 42
2 26 37
2 26 44
2 27 41
2 27 38
2 27 42
2 27 36
2 27 44
2 28 42
2 29 43
2 30 44
2 31 45
2 31 35
2 32 47
2 33 46
2 34 47
2 34 48
2 35 48
2 35 58
2 35 47
2 36 49
2 36 54
2 36 57
2 37 50
2 37 53
2 37 57
2 38 51
2 38 54
2 38 55
2 39 52
2 39 53
2 39 55
2 40 53
2 40 52
2 40 55
2 40 50
2 40 57
2 41 54
2 41 51
2 41 55
2 41 49
2 41 57
2 42 55
2 43 56
2 44 57
2 45 58
2 45 48
2 46 60
2 47 59
2 48 59
2 48 70
2 49 61
2 49 66
2 49 69
2 50 62
2 50 65
2 50 69
2 51 63
2 51 66
2 51 67
2 52 64
2 52 65
2 52 67
2 53 65
2 53 64
2 53 67
2 53 62
2 53 69
2 54 66
2 54 63
2 54 67
2 54 61
2 54 69
2 55 67
2 56 68
2 57 69
2 58 70
2 58 59
2
1.0
0.790951255784

2
1.0
0.790951255784

3
1.0
1.0
0.754709234349

2
1.0
0.828933661538

2
0.828933661538
1.0

4
1.0
1.0
1.0
0.954179197303

4
1.0
1.0
0.954179197303
1.0

4
1.0
1.0
1.0
0.976820964815

4
1.0
1.0
0.976820964815
1.0

3
1.0
1.0
0.976820964815

3
1.0
1.0
0.954179197303

2
1.0
0.976820964815

2
1.0
0.954179197303

2
1.0
0.976820964815

2
1.0
0.954179197303

2
1.0
0.754709234349

2
1.0
0.754709234349

3
1.0
1.0
0.976820964815

3
1.0
1.0
0.954179197303

4
1.0
1.0
1.0
0.954179197303

4
1.0
1.0
0.954179197303
1.0

4
1.0
1.0
1.0
0.976820964815

4
1.0
1.0
0.976820964815
1.0

4
1.0
1.0
1.0
0.754709234349

4
1.0
1.0
0.754709234349
1.0

3
1.0
1.0
0.976820964815

4
1.0
1.0
1.0
0.954179197303

4
1.0
1.0
0.954179197303
1.0

4
1.0
1.0
1.0
0.790951255784

4
1.0
1.0
0.754709234349
1.0

3
1.0
1.0
0.954179197303

4
1.0
1.0
1.0
0.976820964815

4
1.0
1.0
0.976820964815
1.0

3
1.0
1.0
0.976820964815

3
1.0
1.0
0.976820964815

3
1.0
1.0
0.954179197303

3
1.0
1.0
0.954179197303

3
1.0
1.0
0.790951255784

3
1.0
1.0
0.976820964815

2
1.0
0.790951255784

3
1.0
1.0
0.954179197303

2
1.0
0.790951255784

4
1.0
1.0
1.0
0.754709234349

4
1.0
1.0
0.754709234349
1.0

3
1.0
1.0
0.754709234349

2
1.0
0.754709234349

3
1.0
1.0
0.754709234349

2
1.0
0.754709234349

4
1.0
1.0
1.0
0.790951255784

4
1.0
1.0
0.754709234349
1.0

3
1.0
1.0
0.954179197303

3
1.0
0.954179197303
1.0

3
1.0
1.0
0.976820964815

3
1.0
0.976820964815
1.0

4
1.0
1.0
1.0
0.790951255784

4
1.0
1.0
0.790951255784
1.0

4
1.0
1.0
1.0
0.954179197303

4
1.0
1.0
0.954179197303
1.0

4
1.0
1.0
1.0
0.976820964815

4
1.0
1.0
0.976820964815
1.0

3
1.0
1.0
0.976820964815

2
1.0
0.992213177721

3
1.0
1.0
0.954179197303

2
1.0
0.992213177721

3
1.0
1.0
0.976820964815

3
1.0
1.0
0.954179197303

3
1.0
1.0
0.790951255784

3
1.0
0.754709234349
1.0

3
1.0
1.0
0.754709234349

4
1.0
1.0
1.0
0.754709234349

4
1.0
1.0
0.754709234349
1.0

3
1.0
1.0
0.754709234349

4
1.0
1.0
1.0
0.0001

8
1.0
1.0
1.0
0.0001
1.0
0.0001
1.0
0.0001

8
1.0
1.0
1.0
0.0001
1.0
0.0001
1.0
0.0001

8
1.0
1.0
1.0
0.0001
1.0
0.0001
1.0
0.0001

16
1.0
1.0
1.0
1.0
1.0
0.0001
0.0001
0.0001
1.0
0.0001
0.0001
0.0001
1.0
0.0001
0.0001
0.0001

16
1.0
1.0
1.0
1.0
1.0
0.0001
0.0001
0.0001
1.0
0.0001
0.0001
0.0001
1.0
0.0001
0.0001
0.0001

16
1.0
1.0
1.0
1.0
1.0
0.0001
0.0001
0.0001
1.0
0.0001
0.0001
0.0001
1.0
0.0001
0.0001
0.0001

9
1.0
1.0
1.0
1.0
0.0001
0.0001
1.0
0.0001
0.0001

12
1.0
1.0
1.0
1.0
0.0001
0.0001
1.0
0.0001
0.0001
1.0
0.0001
0.0001

9
1.0
1.0
1.0
1.0
0.0001
0.0001
1.0
0.0001
0.0001

12
1.0
1.0
1.0
1.0
0.0001
0.0001
1.0
0.0001
0.0001
1.0
0.0001
0.0001

12
1.0
1.0
1.0
1.0
0.0001
0.0001
1.0
0.0001
0.0001
1.0
0.0001
0.0001

12
1.0
1.0
1.0
1.0
0.0001
0.0001
1.0
0.0001
0.0001
1.0
0.0001
0.0001

6
1.0
1.0
1.0
0.0001
1.0
0.0001

8
1.0
1.0
1.0
0.0001
1.0
0.0001
1.0
0.0001

8
1.0
1.0
1.0
0.0001
1.0
0.0001
1.0
0.0001

6
1.0
1.0
1.0
0.0001
1.0
0.0001

12
1.0
1.0
1.0
1.0
0.0001
0.0001
1.0
0.0001
0.0001
1.0
0.0001
0.0001

12
1.0
1.0
1.0
1.0
0.0001
0.0001
1.0
0.0001
0.0001
1.0
0.0001
0.0001

9
1.0
1.0
1.0
1.0
0.0001
0.0001
1.0
0.0001
0.0001

16
1.0
1.0
1.0
1.0
1.0
0.0001
0.0001
0.0001
1.0
0.0001
0.0001
0.0001
1.0
0.0001
0.0001
0.0001

12
1.0
1.0
1.0
1.0
1.0
0.0001
0.0001
0.0001
1.0
0.0001
0.0001
0.0001

12
1.0
1.0
1.0
1.0
1.0
0.0001
0.0001
0.0001
1.0
0.0001
0.0001
0.0001

9
1.0
1.0
1.0
1.0
0.0001
0.0001
1.0
0.0001
0.0001

12
1.0
1.0
1.0
1.0
0.0001
0.0001
1.0
0.0001
0.0001
1.0
0.0001
0.0001

9
1.0
1.0
1.0
1.0
0.0001
0.0001
1.0
0.0001
0.0001

12
1.0
1.0
1.0
1.0
0.0001
0.0001
1.0
0.0001
0.0001
1.0
0.0001
0.0001

12
1.0
1.0
1.0
1.0
0.0001
0.0001
1.0
0.0001
0.0001
1.0
0.0001
0.0001

12
1.0
1.0
1.0
1.0
0.0001
0.0001
1.0
0.0001
0.0001
1.0
0.0001
0.0001

6
1.0
1.0
1.0
0.0001
1.0
0.0001

8
1.0
1.0
1.0
0.0001
1.0
0.0001
1.0
0.0001

6
1.0
1.0
1.0
0.0001
1.0
0.0001

12
1.0
1.0
1.0
1.0
0.0001
0.0001
1.0
0.0001
0.0001
1.0
0.0001
0.0001

9
1.0
1.0
1.0
1.0
0.0001
0.0001
1.0
0.0001
0.0001

12
1.0
1.0
1.0
1.0
1.0
0.0001
0.0001
0.0001
1.0
0.0001
0.0001
0.0001

9
1.0
1.0
1.0
1.0
0.0001
0.0001
1.0
0.0001
0.0001

12
1.0
1.0
1.0
1.0
0.0001
0.0001
1.0
0.0001
0.0001
1.0
0.0001
0.0001

9
1.0
1.0
1.0
1.0
0.0001
0.0001
1.0
0.0001
0.0001

12
1.0
1.0
1.0
1.0
0.0001
0.0001
1.0
0.0001
0.0001
1.0
0.0001
0.0001

12
1.0
1.0
1.0
1.0
0.0001
0.0001
1.0
0.0001
0.0001
1.0
0.0001
0.0001

12
1.0
1.0
1.0
1.0
0.0001
0.0001
1.0
0.0001
0.0001
1.0
0.0001
0.0001

6
1.0
1.0
1.0
0.0001
1.0
0.0001

6
1.0
1.0
1.0
0.0001
1.0
0.0001

9
1.0
1.0
1.0
1.0
0.0001
0.0001
1.0
0.0001
0.0001

9
1.0
1.0
1.0
1.0
0.0001
0.0001
1.0
0.0001
0.0001

12
1.0
1.0
1.0
1.0
0.0001
0.0001
1.0
0.0001
0.0001
1.0
0.0001
0.0001

9
1.0
1.0
1.0
1.0
0.0001
0.0001
1.0
0.0001
0.0001

12
1.0
1.0
1.0
1.0
0.0001
0.0001
1.0
0.0001
0.0001
1.0
0.0001
0.0001

12
1.0
1.0
1.0
1.0
0.0001
0.0001
1.0
0.0001
0.0001
1.0
0.0001
0.0001

12
1.0
1.0
1.0
1.0
0.0001
0.0001
1.0
0.0001
0.0001
1.0
0.0001
0.0001

4
1.0
1.0
1.0
0.0001

4
1.0
1.0
1.0
0.0001

4
1.0
1.0
1.0
0.0001

4
1.0
1.0
1.0
0.0001

4
1.0
1.0
1.0
0.0001

4
1.0
1.0
1.0
0.0001

4
1.0
1.0
1.0
0.0001

3
1.0
1.0
1.0

3
1.0
1.0
1.0

3
1.0
1.0
1.0

3
1.0
1.0
1.0

3
1.0
1.0
1.0

3
1.0
1.0
1.0

3
1.0
1.0
1.0

3
1.0
1.0
1.0

3
1.0
1.0
1.0

6
1.0
1.0
1.0
0.0001
1.0
1.0

6
1.0
1.0
1.0
1.0
1.0
0.0001

6
1.0
1.0
1.0
1.0
1.0
0.0001

6
1.0
0.0001
1.0
1.0
1.0
1.0

6
1.0
1.0
1.0
1.0
1.0
0.0001

6
1.0
1.0
1.0
1.0
0.0001
1.0

6
1.0
1.0
1.0
1.0
0.0001
1.0

2
1.0
1.0

12
1.0
1.0
1.0
1.0
1.0
0.0001
1.0
1.0
1.0
1.0
1.0
1.0

12
1.0
1.0
1.0
1.0
1.0
0.0001
1.0
1.0
1.0
1.0
1.0
1.0

12
1.0
1.0
1.0
1.0
1.0
0.0001
1.0
1.0
1.0
1.0
1.0
1.0

9
1.0
1.0
1.0
1.0
1.0
1.0
1.0
1.0
0.0001

12
1.0
1.0
1.0
1.0
1.0
0.0001
1.0
1.0
1.0
1.0
1.0
1.0

9
1.0
1.0
1.0
1.0
1.0
1.0
1.0
1.0
0.0001

4
1.0
1.0
1.0
1.0

16
1.0
1.0
1.0
1.0
1.0
1.0
1.0
1.0
1.0
1.0
0.0001
1.0
1.0
1.0
1.0
1.0

16
1.0
1.0
1.0
1.0
1.0
1.0
0.0001
1.0
1.0
1.0
1.0
1.0
1.0
1.0
1.0
1.0

12
1.0
1.0
1.0
1.0
0.0001
1.0
1.0
1.0
1.0
1.0
1.0
1.0

9
1.0
1.0
1.0
1.0
1.0
1.0
1.0
0.0001
1.0

3
1.0
1.0
1.0

4
1.0
1.0
1.0
1.0

12
1.0
1.0
1.0
1.0
1.0
1.0
1.0
1.0
1.0
1.0
1.0
0.0001

12
1.0
1.0
1.0
1.0
1.0
1.0
1.0
1.0
1.0
1.0
1.0
0.0001

12
1.0
1.0
1.0
1.0
1.0
1.0
1.0
0.0001
1.0
1.0
1.0
1.0

12
1.0
1.0
1.0
1.0
0.0001
1.0
1.0
1.0
1.0
1.0
1.0
1.0

9
1.0
1.0
1.0
1.0
1.0
1.0
1.0
0.0001
1.0

3
1.0
1.0
1.0

4
1.0
1.0
1.0
1.0

12
1.0
1.0
1.0
1.0
1.0
1.0
1.0
1.0
1.0
1.0
1.0
0.0001

12
1.0
1.0
1.0
1.0
1.0
1.0
1.0
1.0
1.0
1.0
1.0
0.0001

12
1.0
1.0
1.0
1.0
1.0
1.0
1.0
0.0001
1.0
1.0
1.0
1.0

12
1.0
1.0
1.0
1.0
0.0001
1.0
1.0
1.0
1.0
1.0
1.0
1.0

3
1.0
1.0
1.0

9
1.0
1.0
1.0
1.0
1.0
1.0
1.0
0.0001
1.0

9
1.0
1.0
1.0
1.0
0.0001
1.0
1.0
1.0
1.0

12
1.0
1.0
1.0
1.0
1.0
1.0
1.0
1.0
1.0
1.0
0.0001
1.0

4
1.0
1.0
1.0
1.0

12
1.0
1.0
1.0
1.0
1.0
1.0
1.0
1.0
1.0
1.0
0.0001
1.0

12
1.0
1.0
1.0
1.0
1.0
1.0
1.0
1.0
1.0
1.0
0.0001
1.0

12
1.0
1.0
1.0
1.0
1.0
1.0
0.0001
1.0
1.0
1.0
1.0
1.0

4
1.0
1.0
1.0
1.0

12
1.0
1.0
1.0
1.0
1.0
1.0
0.0001
1.0
1.0
1.0
1.0
1.0

12
1.0
1.0
1.0
1.0
0.0001
1.0
1.0
1.0
1.0
1.0
1.0
1.0

3
1.0
1.0
1.0

9
1.0
1.0
1.0
1.0
1.0
1.0
1.0
0.0001
1.0

9
1.0
1.0
1.0
1.0
0.0001
1.0
1.0
1.0
1.0

12
1.0
1.0
1.0
1.0
1.0
1.0
1.0
1.0
1.0
1.0
0.0001
1.0

4
1.0
1.0
1.0
1.0

12
1.0
1.0
1.0
1.0
1.0
1.0
1.0
1.0
1.0
1.0
0.0001
1.0

12
1.0
1.0
1.0
1.0
1.0
1.0
1.0
1.0
1.0
1.0
0.0001
1.0

12
1.0
1.0
1.0
1.0
1.0
1.0
0.0001
1.0
1.0
1.0
1.0
1.0

4
1.0
1.0
1.0
1.0

12
1.0
1.0
1.0
1.0
1.0
1.0
0.0001
1.0
1.0
1.0
1.0
1.0

16
1.0
1.0
1.0
1.0
1.0
1.0
1.0
1.0
1.0
0.0001
1.0
1.0
1.0
1.0
1.0
1.0

16
1.0
1.0
1.0
1.0
1.0
0.0001
1.0
1.0
1.0
1.0
1.0
1.0
1.0
1.0
1.0
1.0

4
1.0
1.0
1.0
1.0

16
1.0
1.0
1.0
1.0
1.0
1.0
1.0
1.0
1.0
1.0
0.0001
1.0
1.0
1.0
1.0
1.0

16
1.0
1.0
1.0
1.0
1.0
1.0
0.0001
1.0
1.0
1.0
1.0
1.0
1.0
1.0
1.0
1.0

16
1.0
1.0
1.0
1.0
1.0
1.0
1.0
1.0
1.0
1.0
0.0001
1.0
1.0
1.0
1.0
1.0

16
1.0
1.0
1.0
1.0
1.0
1.0
0.0001
1.0
1.0
1.0
1.0
1.0
1.0
1.0
1.0
1.0

4
1.0
1.0
1.0
1.0

4
1.0
1.0
1.0
1.0

16
1.0
1.0
1.0
1.0
1.0
1.0
1.0
1.0
1.0
1.0
1.0
0.0001
1.0
1.0
1.0
1.0

16
1.0
1.0
1.0
1.0
1.0
1.0
1.0
0.0001
1.0
1.0
1.0
1.0
1.0
1.0
1.0
1.0

16
1.0
1.0
1.0
1.0
1.0
1.0
1.0
1.0
1.0
1.0
1.0
0.0001
1.0
1.0
1.0
1.0

16
1.0
1.0
1.0
1.0
1.0
1.0
1.0
1.0
1.0
0.0001
1.0
1.0
1.0
1.0
1.0
1.0

16
1.0
1.0
1.0
1.0
1.0
0.0001
1.0
1.0
1.0
1.0
1.0
1.0
1.0
1.0
1.0
1.0

16
1.0
1.0
1.0
1.0
1.0
1.0
1.0
1.0
1.0
0.0001
1.0
1.0
1.0
1.0
1.0
1.0

16
1.0
1.0
1.0
1.0
1.0
0.0001
1.0
1.0
1.0
1.0
1.0
1.0
1.0
1.0
1.0
1.0

4
1.0
1.0
1.0
1.0

16
1.0
1.0
1.0
1.0
1.0
1.0
1.0
1.0
1.0
1.0
1.0
1.0
1.0
0.0001
1.0
1.0

16
1.0
1.0
1.0
1.0
1.0
1.0
1.0
1.0
1.0
1.0
1.0
0.0001
1.0
1.0
1.0
1.0

16
1.0
1.0
1.0
1.0
1.0
1.0
1.0
0.0001
1.0
1.0
1.0
1.0
1.0
1.0
1.0
1.0

4
1.0
1.0
1.0
1.0

4
1.0
1.0
1.0
1.0

16
1.0
1.0
1.0
1.0
1.0
1.0
1.0
1.0
1.0
1.0
1.0
0.0001
1.0
1.0
1.0
1.0

16
1.0
1.0
1.0
1.0
1.0
1.0
1.0
1.0
1.0
1.0
1.0
1.0
1.0
1.0
1.0
0.0001

16
1.0
1.0
1.0
1.0
1.0
1.0
1.0
0.0001
1.0
1.0
1.0
1.0
1.0
1.0
1.0
1.0

16
1.0
1.0
1.0
1.0
1.0
1.0
1.0
1.0
1.0
1.0
1.0
0.0001
1.0
1.0
1.0
1.0

16
1.0
1.0
1.0
1.0
1.0
1.0
1.0
0.0001
1.0
1.0
1.0
1.0
1.0
1.0
1.0
1.0

16
1.0
1.0
1.0
1.0
1.0
1.0
1.0
1.0
1.0
1.0
1.0
0.0001
1.0
1.0
1.0
1.0

16
1.0
1.0
1.0
1.0
1.0
1.0
1.0
0.0001
1.0
1.0
1.0
1.0
1.0
1.0
1.0
1.0

4
1.0
1.0
1.0
1.0

16
1.0
1.0
1.0
1.0
1.0
1.0
1.0
1.0
1.0
1.0
1.0
1.0
1.0
1.0
1.0
0.0001

4
1.0
1.0
1.0
1.0

16
1.0
1.0
1.0
1.0
1.0
1.0
1.0
1.0
1.0
1.0
1.0
1.0
1.0
1.0
1.0
0.0001

8
1.0
1.0
1.0
1.0
1.0
0.0001
1.0
1.0

8
1.0
1.0
1.0
0.0001
1.0
1.0
1.0
1.0

8
1.0
1.0
1.0
1.0
1.0
0.0001
1.0
1.0

8
1.0
1.0
1.0
0.0001
1.0
1.0
1.0
1.0

8
1.0
1.0
1.0
1.0
1.0
0.0001
1.0
1.0

8
1.0
1.0
1.0
1.0
1.0
1.0
1.0
0.0001

8
1.0
1.0
1.0
0.0001
1.0
1.0
1.0
1.0

8
1.0
1.0
1.0
1.0
1.0
1.0
1.0
0.0001

4
1.0
1.0
1.0
0.0001

8
1.0
1.0
1.0
1.0
1.0
1.0
1.0
0.0001

12
1.0
1.0
1.0
1.0
1.0
0.0001
1.0
1.0
1.0
1.0
1.0
1.0

12
1.0
1.0
1.0
1.0
1.0
0.0001
1.0
1.0
1.0
1.0
1.0
1.0

12
1.0
1.0
1.0
1.0
1.0
0.0001
1.0
1.0
1.0
1.0
1.0
1.0

9
1.0
1.0
1.0
1.0
1.0
1.0
1.0
1.0
0.0001

12
1.0
1.0
1.0
1.0
1.0
0.0001
1.0
1.0
1.0
1.0
1.0
1.0

9
1.0
1.0
1.0
1.0
1.0
1.0
1.0
1.0
0.0001

12
1.0
1.0
1.0
1.0
1.0
1.0
0.0001
1.0
1.0
1.0
1.0
1.0

12
1.0
1.0
1.0
1.0
1.0
0.0001
1.0
1.0
1.0
1.0
1.0
1.0

4
1.0
1.0
1.0
1.0

3
1.0
1.0
1.0

12
1.0
1.0
1.0
1.0
1.0
1.0
1.0
1.0
0.0001
1.0
1.0
1.0

12
1.0
1.0
1.0
1.0
1.0
0.0001
1.0
1.0
1.0
1.0
1.0
1.0

12
1.0
1.0
1.0
1.0
1.0
1.0
0.0001
1.0
1.0
1.0
1.0
1.0

16
1.0
1.0
1.0
1.0
1.0
1.0
1.0
1.0
1.0
1.0
0.0001
1.0
1.0
1.0
1.0
1.0

16
1.0
1.0
1.0
1.0
1.0
1.0
0.0001
1.0
1.0
1.0
1.0
1.0
1.0
1.0
1.0
1.0

12
1.0
1.0
1.0
1.0
1.0
1.0
1.0
1.0
1.0
1.0
0.0001
1.0

12
1.0
1.0
1.0
1.0
0.0001
1.0
1.0
1.0
1.0
1.0
1.0
1.0

9
1.0
1.0
1.0
1.0
1.0
1.0
1.0
0.0001
1.0

3
1.0
1.0
1.0

4
1.0
1.0
1.0
1.0

12
1.0
1.0
1.0
1.0
1.0
1.0
1.0
1.0
1.0
1.0
1.0
0.0001

12
1.0
1.0
1.0
1.0
1.0
1.0
1.0
1.0
1.0
1.0
1.0
0.0001

12
1.0
1.0
1.0
1.0
1.0
1.0
1.0
0.0001
1.0
1.0
1.0
1.0

12
1.0
1.0
1.0
1.0
0.0001
1.0
1.0
1.0
1.0
1.0
1.0
1.0

9
1.0
1.0
1.0
1.0
1.0
1.0
1.0
0.0001
1.0

3
1.0
1.0
1.0

4
1.0
1.0
1.0
1.0

12
1.0
1.0
1.0
1.0
1.0
1.0
1.0
1.0
1.0
1.0
1.0
0.0001

12
1.0
1.0
1.0
1.0
1.0
1.0
1.0
1.0
1.0
1.0
1.0
0.0001

12
1.0
1.0
1.0
1.0
1.0
1.0
1.0
0.0001
1.0
1.0
1.0
1.0

12
1.0
1.0
1.0
1.0
0.0001
1.0
1.0
1.0
1.0
1.0
1.0
1.0

3
1.0
1.0
1.0

9
1.0
1.0
1.0
1.0
1.0
1.0
1.0
0.0001
1.0

9
1.0
1.0
1.0
1.0
0.0001
1.0
1.0
1.0
1.0

12
1.0
1.0
1.0
1.0
1.0
1.0
1.0
1.0
1.0
1.0
0.0001
1.0

4
1.0
1.0
1.0
1.0

12
1.0
1.0
1.0
1.0
1.0
1.0
1.0
1.0
1.0
1.0
0.0001
1.0

12
1.0
1.0
1.0
1.0
1.0
1.0
1.0
1.0
1.0
1.0
0.0001
1.0

12
1.0
1.0
1.0
1.0
1.0
1.0
0.0001
1.0
1.0
1.0
1.0
1.0

4
1.0
1.0
1.0
1.0

12
1.0
1.0
1.0
1.0
1.0
1.0
0.0001
1.0
1.0
1.0
1.0
1.0

12
1.0
1.0
1.0
1.0
0.0001
1.0
1.0
1.0
1.0
1.0
1.0
1.0

3
1.0
1.0
1.0

9
1.0
1.0
1.0
1.0
1.0
1.0
1.0
0.0001
1.0

9
1.0
1.0
1.0
1.0
0.0001
1.0
1.0
1.0
1.0

12
1.0
1.0
1.0
1.0
1.0
1.0
1.0
1.0
1.0
1.0
0.0001
1.0

4
1.0
1.0
1.0
1.0

12
1.0
1.0
1.0
1.0
1.0
1.0
1.0
1.0
1.0
1.0
0.0001
1.0

12
1.0
1.0
1.0
1.0
1.0
1.0
1.0
1.0
1.0
1.0
0.0001
1.0

12
1.0
1.0
1.0
1.0
1.0
1.0
0.0001
1.0
1.0
1.0
1.0
1.0

4
1.0
1.0
1.0
1.0

12
1.0
1.0
1.0
1.0
1.0
1.0
0.0001
1.0
1.0
1.0
1.0
1.0

12
1.0
1.0
1.0
1.0
1.0
0.0001
1.0
1.0
1.0
1.0
1.0
1.0

16
1.0
1.0
1.0
1.0
1.0
1.0
1.0
1.0
1.0
0.0001
1.0
1.0
1.0
1.0
1.0
1.0

16
1.0
1.0
1.0
1.0
1.0
0.0001
1.0
1.0
1.0
1.0
1.0
1.0
1.0
1.0
1.0
1.0

12
1.0
1.0
1.0
1.0
1.0
1.0
1.0
1.0
1.0
0.0001
1.0
1.0

4
1.0
1.0
1.0
1.0

9
1.0
1.0
1.0
1.0
1.0
0.0001
1.0
1.0
1.0

12
1.0
1.0
1.0
1.0
1.0
1.0
1.0
1.0
0.0001
1.0
1.0
1.0

12
1.0
1.0
1.0
1.0
1.0
0.0001
1.0
1.0
1.0
1.0
1.0
1.0

9
1.0
1.0
1.0
1.0
1.0
1.0
1.0
1.0
0.0001

12
1.0
1.0
1.0
1.0
1.0
1.0
1.0
1.0
0.0001
1.0
1.0
1.0

12
1.0
1.0
1.0
1.0
1.0
0.0001
1.0
1.0
1.0
1.0
1.0
1.0

12
1.0
1.0
1.0
1.0
1.0
1.0
1.0
0.0001
1.0
1.0
1.0
1.0

4
1.0
1.0
1.0
1.0

4
1.0
1.0
1.0
1.0

12
1.0
1.0
1.0
1.0
1.0
1.0
1.0
1.0
1.0
1.0
1.0
0.0001

16
1.0
1.0
1.0
1.0
1.0
1.0
1.0
1.0
1.0
1.0
1.0
0.0001
1.0
1.0
1.0
1.0

16
1.0
1.0
1.0
1.0
1.0
1.0
1.0
0.0001
1.0
1.0
1.0
1.0
1.0
1.0
1.0
1.0

12
1.0
1.0
1.0
1.0
1.0
1.0
1.0
1.0
1.0
1.0
1.0
0.0001

9
1.0
1.0
1.0
1.0
0.0001
1.0
1.0
1.0
1.0

12
1.0
1.0
1.0
1.0
1.0
1.0
1.0
0.0001
1.0
1.0
1.0
1.0

12
1.0
1.0
1.0
1.0
0.0001
1.0
1.0
1.0
1.0
1.0
1.0
1.0

9
1.0
1.0
1.0
1.0
1.0
1.0
1.0
0.0001
1.0

12
1.0
1.0
1.0
1.0
1.0
1.0
1.0
0.0001
1.0
1.0
1.0
1.0

12
1.0
1.0
1.0
1.0
0.0001
1.0
1.0
1.0
1.0
1.0
1.0
1.0

3
1.0
1.0
1.0

12
1.0
1.0
1.0
1.0
1.0
1.0
1.0
1.0
1.0
1.0
0.0001
1.0

12
1.0
1.0
1.0
1.0
1.0
1.0
1.0
0.0001
1.0
1.0
1.0
1.0

16
1.0
1.0
1.0
1.0
1.0
1.0
1.0
1.0
1.0
1.0
1.0
0.0001
1.0
1.0
1.0
1.0

16
1.0
1.0
1.0
1.0
1.0
1.0
1.0
0.0001
1.0
1.0
1.0
1.0
1.0
1.0
1.0
1.0

12
1.0
1.0
1.0
1.0
1.0
1.0
1.0
1.0
1.0
1.0
1.0
0.0001

4
1.0
1.0
1.0
1.0

4
1.0
1.0
1.0
1.0

12
1.0
1.0
1.0
1.0
1.0
1.0
1.0
1.0
1.0
1.0
1.0
0.0001

16
1.0
1.0
1.0
1.0
1.0
1.0
1.0
1.0
1.0
1.0
1.0
1.0
1.0
1.0
1.0
0.0001

12
1.0
1.0
1.0
1.0
1.0
1.0
1.0
0.0001
1.0
1.0
1.0
1.0

6
1.0
1.0
1.0
0.0001
1.0
1.0

8
1.0
1.0
1.0
1.0
1.0
0.0001
1.0
1.0

8
1.0
1.0
1.0
0.0001
1.0
1.0
1.0
1.0

6
1.0
1.0
1.0
1.0
1.0
0.0001

8
1.0
1.0
1.0
1.0
1.0
0.0001
1.0
1.0

8
1.0
1.0
1.0
0.0001
1.0
1.0
1.0
1.0

6
1.0
1.0
1.0
1.0
1.0
0.0001

8
1.0
1.0
1.0
1.0
1.0
1.0
1.0
0.0001

6
1.0
1.0
1.0
0.0001
1.0
1.0

8
1.0
1.0
1.0
1.0
1.0
1.0
1.0
0.0001

8
1.0
1.0
1.0
1.0
1.0
1.0
1.0
0.0001

12
1.0
1.0
1.0
1.0
1.0
1.0
1.0
0.0001
1.0
1.0
1.0
1.0

12
1.0
1.0
1.0
1.0
1.0
1.0
1.0
1.0
1.0
1.0
1.0
0.0001

12
1.0
1.0
1.0
1.0
1.0
1.0
1.0
1.0
1.0
1.0
1.0
0.0001

4
1.0
1.0
1.0
1.0

4
1.0
1.0
1.0
1.0

12
1.0
1.0
1.0
1.0
1.0
1.0
1.0
0.0001
1.0
1.0
1.0
1.0

6
1.0
1.0
1.0
0.0001
1.0
1.0

6
1.0
1.0
1.0
1.0
1.0
0.0001

6
1.0
1.0
1.0
1.0
1.0
0.0001

8
1.0
1.0
1.0
0.0001
1.0
1.0
1.0
1.0

8
1.0
1.0
1.0
1.0
1.0
0.0001
1.0
1.0

6
1.0
1.0
1.0
0.0001
1.0
1.0

3
1.0
1.0
1.0

9
1.0
1.0
1.0
1.0
1.0
1.0
1.0
0.0001
1.0

12
1.0
1.0
1.0
1.0
0.0001
1.0
1.0
1.0
1.0
1.0
1.0
1.0

12
1.0
1.0
1.0
1.0
1.0
1.0
1.0
0.0001
1.0
1.0
1.0
1.0

9
1.0
1.0
1.0
1.0
0.0001
1.0
1.0
1.0
1.0

12
1.0
1.0
1.0
1.0
1.0
1.0
0.0001
1.0
1.0
1.0
1.0
1.0

4
1.0
1.0
1.0
1.0

12
1.0
1.0
1.0
1.0
1.0
1.0
0.0001
1.0
1.0
1.0
1.0
1.0

12
1.0
1.0
1.0
1.0
1.0
1.0
1.0
1.0
1.0
1.0
0.0001
1.0

12
1.0
1.0
1.0
1.0
1.0
1.0
1.0
1.0
1.0
1.0
0.0001
1.0

4
1.0
1.0
1.0
1.0

12
1.0
1.0
1.0
1.0
1.0
1.0
1.0
1.0
1.0
1.0
0.0001
1.0

9
1.0
1.0
1.0
1.0
0.0001
1.0
1.0
1.0
1.0

9
1.0
1.0
1.0
1.0
1.0
1.0
1.0
0.0001
1.0

3
1.0
1.0
1.0

12
1.0
1.0
1.0
1.0
0.0001
1.0
1.0
1.0
1.0
1.0
1.0
1.0

12
1.0
1.0
1.0
1.0
1.0
1.0
0.0001
1.0
1.0
1.0
1.0
1.0

4
1.0
1.0
1.0
1.0

12
1.0
1.0
1.0
1.0
1.0
1.0
0.0001
1.0
1.0
1.0
1.0
1.0

12
1.0
1.0
1.0
1.0
1.0
1.0
1.0
1.0
1.0
1.0
0.0001
1.0

12
1.0
1.0
1.0
1.0
1.0
1.0
1.0
1.0
1.0
1.0
0.0001
1.0

4
1.0
1.0
1.0
1.0

12
1.0
1.0
1.0
1.0
1.0
1.0
1.0
1.0
1.0
1.0
0.0001
1.0

9
1.0
1.0
1.0
1.0
0.0001
1.0
1.0
1.0
1.0

9
1.0
1.0
1.0
1.0
1.0
1.0
1.0
0.0001
1.0

3
1.0
1.0
1.0

12
1.0
1.0
1.0
1.0
0.0001
1.0
1.0
1.0
1.0
1.0
1.0
1.0

12
1.0
1.0
1.0
1.0
1.0
1.0
1.0
0.0001
1.0
1.0
1.0
1.0

12
1.0
1.0
1.0
1.0
1.0
1.0
1.0
1.0
1.0
1.0
1.0
0.0001

12
1.0
1.0
1.0
1.0
1.0
1.0
1.0
1.0
1.0
1.0
1.0
0.0001

4
1.0
1.0
1.0
1.0

3
1.0
1.0
1.0

9
1.0
1.0
1.0
1.0
1.0
1.0
1.0
0.0001
1.0

12
1.0
1.0
1.0
1.0
0.0001
1.0
1.0
1.0
1.0
1.0
1.0
1.0

12
1.0
1.0
1.0
1.0
1.0
1.0
1.0
0.0001
1.0
1.0
1.0
1.0

12
1.0
1.0
1.0
1.0
1.0
1.0
1.0
1.0
1.0
1.0
1.0
0.0001

12
1.0
1.0
1.0
1.0
1.0
1.0
1.0
1.0
1.0
1.0
1.0
0.0001

4
1.0
1.0
1.0
1.0

3
1.0
1.0
1.0

9
1.0
1.0
1.0
1.0
1.0
1.0
1.0
0.0001
1.0

12
1.0
1.0
1.0
1.0
0.0001
1.0
1.0
1.0
1.0
1.0
1.0
1.0

9
1.0
1.0
1.0
1.0
1.0
1.0
1.0
1.0
0.0001

12
1.0
1.0
1.0
1.0
1.0
0.0001
1.0
1.0
1.0
1.0
1.0
1.0

12
1.0
1.0
1.0
1.0
1.0
1.0
1.0
1.0
0.0001
1.0
1.0
1.0

9
1.0
1.0
1.0
1.0
1.0
0.0001
1.0
1.0
1.0

12
1.0
1.0
1.0
1.0
1.0
0.0001
1.0
1.0
1.0
1.0
1.0
1.0

12
1.0
1.0
1.0
1.0
1.0
1.0
1.0
1.0
0.0001
1.0
1.0
1.0

3
1.0
1.0
1.0

4
1.0
1.0
1.0
1.0

12
1.0
1.0
1.0
1.0
1.0
0.0001
1.0
1.0
1.0
1.0
1.0
1.0

12
1.0
1.0
1.0
1.0
1.0
1.0
0.0001
1.0
1.0
1.0
1.0
1.0

9
1.0
1.0
1.0
1.0
1.0
1.0
1.0
1.0
0.0001

12
1.0
1.0
1.0
1.0
1.0
0.0001
1.0
1.0
1.0
1.0
1.0
1.0

9
1.0
1.0
1.0
1.0
1.0
1.0
1.0
1.0
0.0001

12
1.0
1.0
1.0
1.0
1.0
0.0001
1.0
1.0
1.0
1.0
1.0
1.0

12
1.0
1.0
1.0
1.0
1.0
0.0001
1.0
1.0
1.0
1.0
1.0
1.0

12
1.0
1.0
1.0
1.0
1.0
0.0001
1.0
1.0
1.0
1.0
1.0
1.0

12
1.0
1.0
1.0
1.0
1.0
0.0001
1.0
1.0
1.0
1.0
1.0
1.0

12
1.0
1.0
1.0
1.0
1.0
0.0001
1.0
1.0
1.0
1.0
1.0
1.0

12
1.0
1.0
1.0
1.0
1.0
0.0001
1.0
1.0
1.0
1.0
1.0
1.0

9
1.0
1.0
1.0
1.0
1.0
1.0
1.0
1.0
0.0001

12
1.0
1.0
1.0
1.0
1.0
0.0001
1.0
1.0
1.0
1.0
1.0
1.0

9
1.0
1.0
1.0
1.0
1.0
1.0
1.0
1.0
0.0001

9
1.0
1.0
1.0
1.0
1.0
0.0001
1.0
1.0
1.0

9
1.0
1.0
1.0
1.0
0.0001
1.0
1.0
1.0
1.0

3
1.0
1.0
1.0

3
1.0
1.0
1.0

9
1.0
1.0
1.0
1.0
1.0
1.0
1.0
1.0
0.0001

9
1.0
1.0
1.0
1.0
1.0
0.0001
1.0
1.0
1.0

6
1.0
1.0
1.0
0.0001
1.0
1.0

6
1.0
1.0
1.0
1.0
1.0
0.0001

6
1.0
1.0
1.0
0.0001
1.0
1.0

6
1.0
1.0
1.0
1.0
1.0
0.0001

12
1.0
1.0
1.0
1.0
0.0001
1.0
1.0
1.0
1.0
1.0
1.0
1.0

9
1.0
1.0
1.0
1.0
1.0
1.0
1.0
0.0001
1.0

3
1.0
1.0
1.0

4
1.0
1.0
1.0
1.0

12
1.0
1.0
1.0
1.0
1.0
1.0
1.0
1.0
1.0
1.0
1.0
0.0001

12
1.0
1.0
1.0
1.0
1.0
1.0
1.0
1.0
1.0
1.0
1.0
0.0001

12
1.0
1.0
1.0
1.0
1.0
1.0
1.0
0.0001
1.0
1.0
1.0
1.0

12
1.0
1.0
1.0
1.0
0.0001
1.0
1.0
1.0
1.0
1.0
1.0
1.0

9
1.0
1.0
1.0
1.0
1.0
1.0
1.0
0.0001
1.0

3
1.0
1.0
1.0

4
1.0
1.0
1.0
1.0

12
1.0
1.0
1.0
1.0
1.0
1.0
1.0
1.0
1.0
1.0
1.0
0.0001

12
1.0
1.0
1.0
1.0
1.0
1.0
1.0
1.0
1.0
1.0
1.0
0.0001

12
1.0
1.0
1.0
1.0
1.0
1.0
1.0
0.0001
1.0
1.0
1.0
1.0

12
1.0
1.0
1.0
1.0
0.0001
1.0
1.0
1.0
1.0
1.0
1.0
1.0

3
1.0
1.0
1.0

9
1.0
1.0
1.0
1.0
1.0
1.0
1.0
0.0001
1.0

9
1.0
1.0
1.0
1.0
0.0001
1.0
1.0
1.0
1.0

12
1.0
1.0
1.0
1.0
1.0
1.0
1.0
1.0
1.0
1.0
0.0001
1.0

4
1.0
1.0
1.0
1.0

12
1.0
1.0
1.0
1.0
1.0
1.0
1.0
1.0
1.0
1.0
0.0001
1.0

12
1.0
1.0
1.0
1.0
1.0
1.0
1.0
1.0
1.0
1.0
0.0001
1.0

12
1.0
1.0
1.0
1.0
1.0
1.0
0.0001
1.0
1.0
1.0
1.0
1.0

4
1.0
1.0
1.0
1.0

12
1.0
1.0
1.0
1.0
1.0
1.0
0.0001
1.0
1.0
1.0
1.0
1.0

12
1.0
1.0
1.0
1.0
0.0001
1.0
1.0
1.0
1.0
1.0
1.0
1.0

3
1.0
1.0
1.0

9
1.0
1.0
1.0
1.0
1.0
1.0
1.0
0.0001
1.0

9
1.0
1.0
1.0
1.0
0.0001
1.0
1.0
1.0
1.0

12
1.0
1.0
1.0
1.0
1.0
1.0
1.0
1.0
1.0
1.0
0.0001
1.0

4
1.0
1.0
1.0
1.0

12
1.0
1.0
1.0
1.0
1.0
1.0
1.0
1.0
1.0
1.0
0.0001
1.0

12
1.0
1.0
1.0
1.0
1.0
1.0
1.0
1.0
1.0
1.0
0.0001
1.0

12
1.0
1.0
1.0
1.0
1.0
1.0
0.0001
1.0
1.0
1.0
1.0
1.0

4
1.0
1.0
1.0
1.0

12
1.0
1.0
1.0
1.0
1.0
1.0
0.0001
1.0
1.0
1.0
1.0
1.0

4
1.0
1.0
1.0
0.0001

4
1.0
1.0
1.0
0.0001

4
1.0
1.0
1.0
0.0001

4
1.0
1.0
1.0
0.0001

4
1.0
1.0
1.0
0.0001

4
1.0
1.0
1.0
0.0001

4
1.0
1.0
1.0
0.0001

4
0.0001
1.0
1.0
1.0

4
0.0001
1.0
1.0
1.0

4
1.0
1.0
0.0001
1.0

4
1.0
1.0
0.0001
1.0

12
0.0001
1.0
1.0
1.0
1.0
1.0
1.0
1.0
1.0
1.0
1.0
1.0

12
1.0
1.0
1.0
1.0
0.0001
1.0
1.0
1.0
1.0
1.0
1.0
1.0

12
1.0
1.0
1.0
1.0
1.0
1.0
1.0
1.0
0.0001
1.0
1.0
1.0

12
0.0001
1.0
1.0
1.0
1.0
1.0
1.0
1.0
1.0
1.0
1.0
1.0

9
1.0
1.0
1.0
0.0001
1.0
1.0
1.0
1.0
1.0

6
1.0
1.0
0.0001
1.0
1.0
1.0

9
1.0
1.0
1.0
1.0
1.0
1.0
0.0001
1.0
1.0

6
1.0
1.0
1.0
1.0
0.0001
1.0

12
0.0001
1.0
1.0
1.0
1.0
1.0
1.0
1.0
1.0
1.0
1.0
1.0

9
1.0
1.0
1.0
0.0001
1.0
1.0
1.0
1.0
1.0

6
1.0
1.0
0.0001
1.0
1.0
1.0

9
1.0
1.0
1.0
1.0
1.0
1.0
0.0001
1.0
1.0

6
1.0
1.0
1.0
1.0
0.0001
1.0

4
1.0
1.0
0.0001
1.0

4
1.0
1.0
0.0001
1.0

4
1.0
1.0
0.0001
1.0

4
1.0
1.0
0.0001
1.0

4
1.0
1.0
0.0001
1.0

4
1.0
1.0
0.0001
1.0

12
1.0
1.0
1.0
0.0001
1.0
1.0
1.0
1.0
1.0
1.0
1.0
1.0

16
1.0
1.0
1.0
1.0
1.0
1.0
1.0
1.0
0.0001
1.0
1.0
1.0
1.0
1.0
1.0
1.0

8
1.0
1.0
1.0
1.0
1.0
1.0
0.0001
1.0

16
1.0
1.0
1.0
1.0
0.0001
1.0
1.0
1.0
1.0
1.0
1.0
1.0
1.0
1.0
1.0
1.0

16
1.0
1.0
1.0
1.0
1.0
1.0
1.0
1.0
0.0001
1.0
1.0
1.0
1.0
1.0
1.0
1.0

12
1.0
1.0
1.0
1.0
1.0
1.0
1.0
1.0
1.0
0.0001
1.0
1.0

16
1.0
1.0
1.0
1.0
0.0001
1.0
1.0
1.0
1.0
1.0
1.0
1.0
1.0
1.0
1.0
1.0

12
1.0
1.0
1.0
1.0
1.0
1.0
0.0001
1.0
1.0
1.0
1.0
1.0

16
1.0
1.0
1.0
1.0
1.0
1.0
1.0
1.0
1.0
1.0
1.0
1.0
0.0001
1.0
1.0
1.0

9
1.0
1.0
1.0
0.0001
1.0
1.0
1.0
1.0
1.0

12
1.0
1.0
1.0
1.0
1.0
1.0
1.0
1.0
0.0001
1.0
1.0
1.0

6
1.0
1.0
1.0
1.0
0.0001
1.0

9
1.0
1.0
1.0
0.0001
1.0
1.0
1.0
1.0
1.0

12
1.0
1.0
1.0
1.0
1.0
1.0
1.0
1.0
0.0001
1.0
1.0
1.0

6
1.0
1.0
1.0
1.0
0.0001
1.0

9
1.0
1.0
1.0
0.0001
1.0
1.0
1.0
1.0
1.0

12
1.0
1.0
1.0
1.0
1.0
1.0
1.0
1.0
0.0001
1.0
1.0
1.0

6
1.0
1.0
1.0
1.0
0.0001
1.0

9
1.0
1.0
1.0
0.0001
1.0
1.0
1.0
1.0
1.0

12
1.0
1.0
1.0
1.0
1.0
1.0
1.0
1.0
0.0001
1.0
1.0
1.0

6
1.0
1.0
1.0
1.0
0.0001
1.0

16
1.0
1.0
1.0
1.0
0.0001
1.0
1.0
1.0
1.0
1.0
1.0
1.0
1.0
1.0
1.0
1.0

12
1.0
1.0
1.0
1.0
1.0
1.0
0.0001
1.0
1.0
1.0
1.0
1.0

8
1.0
1.0
1.0
1.0
0.0001
1.0
1.0
1.0

12
1.0
1.0
1.0
1.0
1.0
1.0
1.0
1.0
1.0
0.0001
1.0
1.0

8
1.0
1.0
1.0
1.0
1.0
1.0
0.0001
1.0

16
1.0
1.0
1.0
1.0
0.0001
1.0
1.0
1.0
1.0
1.0
1.0
1.0
1.0
1.0
1.0
1.0

12
1.0
1.0
1.0
1.0
1.0
1.0
0.0001
1.0
1.0
1.0
1.0
1.0

8
1.0
1.0
1.0
1.0
0.0001
1.0
1.0
1.0

12
1.0
1.0
1.0
1.0
1.0
1.0
1.0
1.0
1.0
0.0001
1.0
1.0

8
1.0
1.0
1.0
1.0
1.0
1.0
0.0001
1.0

4
1.0
1.0
0.0001
1.0

4
1.0
1.0
0.0001
1.0

4
1.0
1.0
0.0001
1.0

4
1.0
1.0
0.0001
1.0

6
1.0
1.0
0.0001
1.0
1.0
1.0

9
1.0
1.0
1.0
1.0
1.0
1.0
0.0001
1.0
1.0

12
1.0
1.0
1.0
0.0001
1.0
1.0
1.0
1.0
1.0
1.0
1.0
1.0

16
1.0
1.0
1.0
1.0
1.0
1.0
1.0
1.0
0.0001
1.0
1.0
1.0
1.0
1.0
1.0
1.0

8
1.0
1.0
1.0
1.0
1.0
1.0
0.0001
1.0

16
1.0
1.0
1.0
1.0
0.0001
1.0
1.0
1.0
1.0
1.0
1.0
1.0
1.0
1.0
1.0
1.0

12
1.0
1.0
1.0
1.0
1.0
1.0
0.0001
1.0
1.0
1.0
1.0
1.0

12
1.0
1.0
1.0
1.0
1.0
1.0
1.0
1.0
1.0
0.0001
1.0
1.0

9
1.0
1.0
1.0
0.0001
1.0
1.0
1.0
1.0
1.0

12
1.0
1.0
1.0
1.0
1.0
1.0
1.0
1.0
0.0001
1.0
1.0
1.0

6
1.0
1.0
1.0
1.0
0.0001
1.0

9
1.0
1.0
1.0
0.0001
1.0
1.0
1.0
1.0
1.0

12
1.0
1.0
1.0
1.0
1.0
1.0
1.0
1.0
0.0001
1.0
1.0
1.0

6
1.0
1.0
1.0
1.0
0.0001
1.0

9
1.0
1.0
1.0
0.0001
1.0
1.0
1.0
1.0
1.0

12
1.0
1.0
1.0
1.0
1.0
1.0
1.0
1.0
0.0001
1.0
1.0
1.0

6
1.0
1.0
1.0
1.0
0.0001
1.0

9
1.0
1.0
1.0
0.0001
1.0
1.0
1.0
1.0
1.0

12
1.0
1.0
1.0
1.0
1.0
1.0
1.0
1.0
0.0001
1.0
1.0
1.0

6
1.0
1.0
1.0
1.0
0.0001
1.0

16
1.0
1.0
1.0
1.0
0.0001
1.0
1.0
1.0
1.0
1.0
1.0
1.0
1.0
1.0
1.0
1.0

12
1.0
1.0
1.0
1.0
1.0
1.0
0.0001
1.0
1.0
1.0
1.0
1.0

8
1.0
1.0
1.0
1.0
0.0001
1.0
1.0
1.0

12
1.0
1.0
1.0
1.0
1.0
1.0
1.0
1.0
1.0
0.0001
1.0
1.0

8
1.0
1.0
1.0
1.0
1.0
1.0
0.0001
1.0

16
1.0
1.0
1.0
1.0
0.0001
1.0
1.0
1.0
1.0
1.0
1.0
1.0
1.0
1.0
1.0
1.0

12
1.0
1.0
1.0
1.0
1.0
1.0
0.0001
1.0
1.0
1.0
1.0
1.0

8
1.0
1.0
1.0
1.0
0.0001
1.0
1.0
1.0

12
1.0
1.0
1.0
1.0
1.0
1.0
1.0
1.0
1.0
0.0001
1.0
1.0

8
1.0
1.0
1.0
1.0
1.0
1.0
0.0001
1.0

4
1.0
1.0
0.0001
1.0

4
1.0
1.0
0.0001
1.0

4
1.0
1.0
0.0001
1.0

9
1.0
1.0
1.0
0.0001
1.0
1.0
1.0
1.0
1.0

12
1.0
1.0
1.0
1.0
1.0
1.0
1.0
1.0
0.0001
1.0
1.0
1.0

4
1.0
1.0
0.0001
1.0

4
1.0
1.0
0.0001
1.0

6
1.0
1.0
0.0001
1.0
1.0
1.0

9
1.0
1.0
1.0
1.0
1.0
1.0
0.0001
1.0
1.0

12
1.0
1.0
1.0
0.0001
1.0
1.0
1.0
1.0
1.0
1.0
1.0
1.0

12
1.0
1.0
1.0
1.0
1.0
1.0
0.0001
1.0
1.0
1.0
1.0
1.0

8
1.0
1.0
1.0
1.0
1.0
1.0
0.0001
1.0

9
1.0
1.0
1.0
0.0001
1.0
1.0
1.0
1.0
1.0

12
1.0
1.0
1.0
1.0
1.0
1.0
1.0
1.0
0.0001
1.0
1.0
1.0

6
1.0
1.0
1.0
1.0
0.0001
1.0

9
1.0
1.0
1.0
0.0001
1.0
1.0
1.0
1.0
1.0

12
1.0
1.0
1.0
1.0
1.0
1.0
1.0
1.0
0.0001
1.0
1.0
1.0

6
1.0
1.0
1.0
1.0
0.0001
1.0

9
1.0
1.0
1.0
0.0001
1.0
1.0
1.0
1.0
1.0

12
1.0
1.0
1.0
1.0
1.0
1.0
1.0
1.0
0.0001
1.0
1.0
1.0

6
1.0
1.0
1.0
1.0
0.0001
1.0

9
1.0
1.0
1.0
0.0001
1.0
1.0
1.0
1.0
1.0

12
1.0
1.0
1.0
1.0
1.0
1.0
1.0
1.0
0.0001
1.0
1.0
1.0

6
1.0
1.0
1.0
1.0
0.0001
1.0

16
1.0
1.0
1.0
1.0
0.0001
1.0
1.0
1.0
1.0
1.0
1.0
1.0
1.0
1.0
1.0
1.0

12
1.0
1.0
1.0
1.0
1.0
1.0
0.0001
1.0
1.0
1.0
1.0
1.0

8
1.0
1.0
1.0
1.0
0.0001
1.0
1.0
1.0

12
1.0
1.0
1.0
1.0
1.0
1.0
1.0
1.0
1.0
0.0001
1.0
1.0

8
1.0
1.0
1.0
1.0
1.0
1.0
0.0001
1.0

16
1.0
1.0
1.0
1.0
0.0001
1.0
1.0
1.0
1.0
1.0
1.0
1.0
1.0
1.0
1.0
1.0

12
1.0
1.0
1.0
1.0
1.0
1.0
0.0001
1.0
1.0
1.0
1.0
1.0

8
1.0
1.0
1.0
1.0
0.0001
1.0
1.0
1.0

12
1.0
1.0
1.0
1.0
1.0
1.0
1.0
1.0
1.0
0.0001
1.0
1.0

8
1.0
1.0
1.0
1.0
1.0
1.0
0.0001
1.0

4
1.0
1.0
0.0001
1.0

4
1.0
1.0
0.0001
1.0

4
1.0
1.0
0.0001
1.0

9
1.0
1.0
1.0
0.0001
1.0
1.0
1.0
1.0
1.0

9
1.0
1.0
1.0
1.0
1.0
1.0
0.0001
1.0
1.0

4
1.0
1.0
0.0001
1.0

4
1.0
1.0
0.0001
1.0

6
1.0
1.0
0.0001
1.0
1.0
1.0

6
1.0
1.0
1.0
1.0
0.0001
1.0

6
1.0
1.0
0.0001
1.0
1.0
1.0

6
1.0
1.0
1.0
1.0
0.0001
1.0

6
1.0
1.0
1.0
1.0
0.0001
1.0

6
1.0
1.0
0.0001
1.0
1.0
1.0

6
1.0
1.0
1.0
1.0
0.0001
1.0

6
1.0
1.0
1.0
1.0
0.0001
1.0

6
1.0
1.0
0.0001
1.0
1.0
1.0

6
1.0
1.0
1.0
1.0
0.0001
1.0

6
1.0
1.0
1.0
1.0
0.0001
1.0

6
1.0
1.0
0.0001
1.0
1.0
1.0

6
1.0
1.0
1.0
1.0
0.0001
1.0

6
1.0
1.0
1.0
1.0
0.0001
1.0

8
1.0
1.0
0.0001
1.0
1.0
1.0
1.0
1.0

8
1.0
1.0
1.0
1.0
0.0001
1.0
1.0
1.0

8
1.0
1.0
1.0
1.0
0.0001
1.0
1.0
1.0

8
1.0
1.0
1.0
1.0
1.0
1.0
0.0001
1.0

8
1.0
1.0
1.0
1.0
1.0
1.0
0.0001
1.0

8
1.0
1.0
0.0001
1.0
1.0
1.0
1.0
1.0

8
1.0
1.0
1.0
1.0
0.0001
1.0
1.0
1.0

8
1.0
1.0
1.0
1.0
0.0001
1.0
1.0
1.0

8
1.0
1.0
1.0
1.0
1.0
1.0
0.0001
1.0

8
1.0
1.0
1.0
1.0
1.0
1.0
0.0001
1.0

4
1.0
1.0
0.0001
1.0

4
1.0
1.0
0.0001
1.0

4
1.0
1.0
0.0001
1.0

6
1.0
1.0
0.0001
1.0
1.0
1.0

6
1.0
1.0
1.0
1.0
0.0001
1.0


